FontJazz.register('font', {
	image: 'font.png',
	width: 755,
	height: 18,
	'A': [0, 10, 0, 10],
	'B': [11, 10, 0, 10],
	'C': [22, 10, 0, 9],
	'D': [33, 11, 0, 11],
	'E': [45, 10, 1, 10],
	'F': [56, 8, 1, 7],
	'G': [65, 15, 1, 15],
	'H': [81, 11, 0, 11],
	'I': [93, 3, 0, 3],
	'J': [97, 7, 1, 6],
	'K': [105, 11, 0, 10],
	'L': [117, 8, 0, 6],
	'M': [126, 16, 1, 15],
	'N': [143, 11, 0, 11],
	'O': [155, 15, 1, 15],
	'P': [171, 10, 0, 9],
	'Q': [182, 15, 1, 15],
	'R': [198, 10, 0, 10],
	'S': [209, 12, 3, 12],
	'T': [222, 12, 3, 10],
	'U': [235, 10, 0, 10],
	'V': [246, 14, 3, 13],
	'W': [261, 16, 0, 16],
	'X': [278, 14, 3, 13],
	'Y': [293, 10, 1, 10],
	'Z': [304, 11, 1, 10],
	'a': [316, 11, 1, 11],
	'b': [328, 10, 0, 10],
	'c': [339, 8, 0, 6],
	'd': [348, 11, 1, 11],
	'e': [360, 11, 1, 11],
	'f': [372, 6, 0, 4],
	'g': [379, 11, 1, 11],
	'h': [391, 9, 0, 9],
	'i': [401, 5, 0, 4],
	'j': [407, 8, 4, 7],
	'k': [416, 9, 0, 7],
	'l': [426, 3, 0, 3],
	'm': [430, 13, 0, 13],
	'n': [444, 9, 0, 9],
	'o': [454, 11, 1, 11],
	'p': [466, 10, 0, 10],
	'q': [477, 11, 1, 11],
	'r': [489, 6, 0, 4],
	's': [496, 9, 1, 8],
	't': [506, 7, 0, 5],
	'u': [514, 9, 0, 9],
	'v': [524, 12, 3, 10],
	'w': [537, 13, 0, 13],
	'x': [551, 9, 1, 7],
	'y': [561, 9, 0, 9],
	'z': [571, 8, 1, 7],
	'0': [580, 10, 0, 10],
	'1': [591, 6, 0, 10],
	'2': [598, 11, 1, 11],
	'3': [610, 11, 1, 11],
	'4': [622, 13, 3, 13],
	'5': [636, 10, 0, 10],
	'6': [647, 11, 1, 11],
	'7': [659, 11, 1, 11],
	'8': [671, 10, 0, 10],
	'9': [682, 11, 1, 11],
	'&': [694, 13, 0, 12],
	'!': [708, 5, 1, 4],
	'?': [714, 11, 3, 10],
	'-': [726, 6, 1, 5],
	' ': [733, 6, 1, 5],
	'.': [740, 3, -1, 3],
	'\"': [744, 6, 0, 5],
	'\'': [751, 3, 0, 3]
});
