FontJazz.register('font', {
	image: 'font.png',
	width: 1155,
	height: 31,
	'A': [0, 17, 0, 17],
	'B': [18, 17, -1, 16],
	'C': [36, 16, 0, 16],
	'D': [53, 18, -1, 18],
	'E': [72, 17, 1, 17],
	'F': [90, 12, 0, 12],
	'G': [103, 25, 0, 25],
	'H': [129, 17, -1, 18],
	'I': [147, 4, -1, 5],
	'J': [152, 12, 3, 13],
	'K': [165, 18, -1, 16],
	'L': [184, 12, -1, 11],
	'M': [197, 27, 1, 26],
	'N': [225, 17, -1, 18],
	'O': [243, 25, 0, 25],
	'P': [269, 16, 0, 16],
	'Q': [286, 25, 0, 25],
	'R': [312, 16, -1, 16],
	'S': [329, 17, 1, 17],
	'T': [347, 16, 1, 15],
	'U': [364, 16, -1, 16],
	'V': [381, 22, 3, 20],
	'W': [404, 27, -1, 27],
	'X': [432, 22, 3, 20],
	'Y': [455, 16, 0, 16],
	'Z': [472, 17, 1, 17],
	'a': [490, 17, 0, 17],
	'b': [508, 18, 0, 17],
	'c': [527, 12, 0, 12],
	'd': [540, 17, 0, 17],
	'e': [558, 18, 0, 17],
	'f': [577, 10, -1, 7],
	'g': [588, 17, 0, 17],
	'h': [606, 15, 0, 16],
	'i': [622, 6, -1, 7],
	'j': [629, 11, 5, 11],
	'k': [641, 13, -1, 13],
	'l': [655, 4, -1, 5],
	'm': [660, 21, -1, 22],
	'n': [682, 15, 0, 16],
	'o': [698, 17, 0, 17],
	'p': [716, 18, 0, 17],
	'q': [735, 17, 0, 17],
	'r': [753, 9, 0, 8],
	's': [763, 14, 0, 14],
	't': [778, 10, -1, 9],
	'u': [789, 15, 0, 16],
	'v': [805, 19, 3, 17],
	'w': [825, 21, -1, 22],
	'x': [847, 14, 1, 13],
	'y': [862, 14, -1, 15],
	'z': [877, 13, 1, 13],
	'0': [891, 18, 0, 17],
	'1': [910, 9, -2, 15],
	'2': [920, 18, 1, 18],
	'3': [939, 17, 0, 17],
	'4': [957, 19, 1, 18],
	'5': [977, 16, -1, 16],
	'6': [994, 17, 0, 17],
	'7': [1012, 17, 0, 17],
	'8': [1030, 18, 0, 17],
	'9': [1049, 17, 0, 17],
	'&': [1067, 22, 0, 21],
	'!': [1090, 6, 0, 6],
	'?': [1097, 15, 1, 15],
	'-': [1113, 10, 1, 9],
	' ': [1124, 10, 1, 9],
	'.': [1135, 5, -2, 6],
	'\"': [1141, 8, -1, 9],
	'\'': [1150, 4, -1, 5]
});
